0.38 0.28 0
0.39829170084509286 0.2561942216246001 0
0.4181994511804668 0.23372239747858448 0
0.43962626244760794 0.21269400803033278 0
0.46246774537583835 0.19321150147947047 0
0.4866126185563494 0.17536979463953878 0
0.51194325059404 0.15925581051281962 0
0.5383362331958486 0.1449480548102064 0
0.5656629824035524 0.13251623347927166 0
0.593790365041887 0.12202091310389745 0
0.6225813473299929 0.11351322582996665 0
0.6518956624962219 0.10703462025468813 0
0.6815904941437487 0.10261665949319748 0
0.7115211720377007 0.10028086740623277 0
0.7415418769239996 0.10003862373804878 0
0.7715063509461103 0.10189110867544654 0
0.8012686101986153 0.10582929709802236 0
0.8306836559461284 0.11183400254764664 0
0.8596081810425575 0.11987597070295969 0
0.8879012681091162 0.12991602190348467 0
0.9154250760696272 0.14190524202899502 0
0.9420455116983905 0.1557852208041915 0
0.9676328829088994 0.17148833636769184 0
0.99206253060065 0.18893808471894236 0
1.0152154359857477 0.20804945243801837 0
1.0369788004364784 0.2287293308624605 0
1.0572465950288834 0.250876969703319 0
1.0759200771050206 0.27438446789043397 0
1.0929082713372666 0.2991372992556033 0
1.1081284129509692 0.32501487049256184 0
1.12150635094611 0.3518911086754474 0
1.132976909353522 0.379635075473423 0
1.1424842047656611 0.40811160506906274 0
1.1499819185949491 0.43718196267262743 0
1.1554335227332773 0.4667045204240146 0
1.1588124575132772 0.4965354473894566 0
1.1601022611043499 0.5265294102913721 0
1.1592966497130504 0.5565402815574856 0
1.156399548197097 0.5864218512396707 0
1.1514250709438603 0.6160285393341209 0
1.1443974531064849 0.6452161050324938 0
1.1353509325326612 0.6738423494486308 0
1.1243295829612716 0.7017678083972363 0
1.1113870992995656 0.7288564318493702 0
1.0965865360269695 0.7549762467545128 0
1.0799999999999996 0.7800000000000005 0
1.0617082991549067 0.8038057783754005 0
1.0418005488195328 0.826277602521416 0
1.0203737375523916 0.8473059919696677 0
0.9975322546241612 0.8667884985205299 0
0.9733873814436501 0.8846302053604616 0
0.9480567494059595 0.9007441894871807 0
0.921663766804151 0.9150519451897938 0
0.894337017596447 0.9274837665207285 0
0.8662096349581124 0.9379790868961028 0
0.8374186526700066 0.9464867741700336 0
0.8081043375037775 0.952965379745312 0
0.7784095058562507 0.9573833405068026 0
0.7484788279622987 0.9597191325937673 0
0.7184581230759998 0.9599613762619512 0
0.6884936490538891 0.9581088913245535 0
0.658731389801384 0.9541707029019776 0
0.6293163440538709 0.9481659974523533 0
0.6003918189574418 0.9401240292970401 0
0.5720987318908831 0.9300839780965151 0
0.5445749239303722 0.9180947579710047 0
0.517954488301609 0.9042147791958083 0
0.49236711709110004 0.8885116636323078 0
0.4679374693993494 0.8710619152810573 0
0.44478456401425165 0.8519505475619812 0
0.42302119956352113 0.831270669137539 0
0.402753404971116 0.8091230302966805 0
0.38407992289497894 0.7856155321095655 0
0.36709172866273293 0.760862700744396 0
0.3518715870490302 0.7349851295074374 0
0.3384936490538895 0.7081088913245518 0
0.3270230906464775 0.680364924526576 0
0.31751579523433854 0.6518883949309362 0
0.3100180814050506 0.6228180373273714 0
0.3045664772667224 0.5932954795759842 0
0.3011875424867227 0.5634645526105422 0
0.2998977388956501 0.5334705897086266 0
0.30070335028694983 0.503459718442513 0
0.3036004518029032 0.4735781487603279 0
0.3085749290561401 0.44397146066587767 0
0.31560254689351547 0.4147838949675048 0
0.3246490674673394 0.38615765055136786 0
0.33567041703872913 0.3582321916027622 0
0.34861290070043516 0.33114356815062823 0
0.3634134639730314 0.30502375324548575 0
